3888
1024
345615702
39315
2161992
9604
2500
12010
460992
768
74240
59584
32
668168
3888
7922221
155117520
512
1288528
162
151875
65237
1086900948
32
256
32
1
21356
173327
1
512
380976
165888
4766912
12970
3373612
1224290
6986775709
5800
80000
1024
1024
162
1875
16
3125
396
59520257
512
29767685
512
103776
32
16
262087
2652360
16
1875
7203
1
287
243
1939317
39366
24576
316756
512
33616
243
32
243
695928
1266576
1600000
424851586
16
683516
39366
5864445000
34326853
32
4434
159360
82944
116817
164677919
800761
1
147207
987
32
59049
768
170663040
173916
228488
307328
355084
32
1217408
243
32
32
191611
165745
16
3257303
343472
32
4258
2592
16796160
1464966
14380500
32
32
135966
36236394
16
4527
1
32
162
37206280
16
210007
11401136
81
1
1178048
1
162
16623378
1622125
32
8230519099
504
243
1091842164
5057020
73387
32
537824
81
162
7375872
24576
12404
243
16298790
303750
1
24576
32
5184
243
32
1
256
1
9604
30144
628560
14406
162
256
7203
84206
9565938
162
5184
117186732
3888
243
1665625
2500
50016
31465
3129128
714950
512
24576
162
512
207360
30000
78402570
24576
24395
571
1
9604
17491432
162
512
768
1837640
32
3125
512
32
31575375
954968748
183751974
32
6168
700964
58564
1024
1024
1
1563852
243
32
16
85674
39366
512
1077989
1048576
1227
20451
199927
236944
32
24395
1025391
1024
26142936
5184
709220
124416
239088282652
4571122
526284
5184
32
2500
303750
162
16
248832
224959
17438812197
514026
521284
1
243
32768
3432
16807
45927
1
1619165397
124416
614599381
148297480
1353853
26244
1
24576
32
2657246336
690
2601374616
2500
768
32
16
3117
243
1
2900224
100000
2500
39366
395060444
105888736
512
32
1259712
162
162
5184
16
768
45927
97422
5775
32
553539000
218720475
1
24576
32
2592
9604
768
32
252684
1
5875
29826
2654208
5740237415
35484662
17186619
112576
7776
100000
1
162
433728
44605
512
9604
228488
243
32
32
5703
589824
1
13452
25563
157380
512
7274
1
1172889
4054732
512
162
148677000
81
1732057
3564
4505650684
243
32
1
1
1281063
32
5184
17349401560
162
1013
832
8192
1968534
44814
32
3956736
32
90000
6973
80000
80260
80000
768
12792
6621843924
15946616634
512
100000
1250
1
1107454
1
74680704
5184
3888
20994
49350
58564
61168
243
32
32
3888
44616525
1
3888
768
512
1024
3888
15889887252
1156464
211986
1
1227
6218970
24576
1024
120474194
2592
40000
162
32
23110708
6336
1024
105051600
962543
71214
768
1
4802
17953
25036171
162
1600000
371993616
1197476
6480
512
5514791083
10406556
32
101486031
78765
418
162
5184
1
124416
32
16
29852064
1024
773199
243
550267344
32
3179
3797742
3888
768
50000
1
34
1024
13452
1024
16967706683
32
15627976
17151774
1
512
6599371
28672
32
81
458396
3888
81
16
1
3125
345744
279069696
39366
2697058
16
5184
7776
146410
666282
17527
32
1112970519
3888
20278925
2476
95170137
66927
32
42
506250
105173
12005
19683
32
384160
1024
1
16
243
243
188649020
7812500
1706
748
1875
2222049675
256091
2654208
21841557
1
14129208
7792724080
2089
32
32
74168
503316480
32
16
81
9401184
1440000
32
162
20480
4676494
132765
768
29689
11082252
1
1307840
768
1
1495502
522316503
3434288
1
7203
243
1476
16
3543290
33515578
2456890
499011
32
32
4552376
14680064
6941421
2592
115280
162
199578
645189
162
12652335
11382
100000
768
49792
1
196806
162
1
15390
80000
314422
45531267
32
768
43923
32
236640
81
243
140022
162
1250
25688
12320
16807
52774
85683
243
11106698904
34960
3482
1
1
40000
12005
5739728
84125
81
1250
7776
1780368
5059796
1250
16384
20924
705824491
418
32
32
2592
102592
5979
2120191471
162
32
1
7203
191439538
2203
1
32
2487808
206586
4687500
134001
32
1
747468
32
512
243
1
271724250
5606
3888
59049
7203
3880
182305
7776
63324301
603936
768
2811072
1
400192
5544
42262714
102487
1
768
5184
32
32
85494
243
7776
50000
29408
79295274
768
3888
32768
5602688
268087528
3125
32
243
957745
248147
70581953
1
372521777
1
1
102487
68111
11780
53022569
1
1135054430
1875
1024
31552758
12005
1
1024
49839175
359954
1
389
162
3182
506250
5772
2988986
32
1250
19638
3221904
10323
312352
75183
16
2135911
393379840
768
32
5184
32
1024
1048576
1036820
748087488
363835392
16
15049
1024
405000
81
39366
1
512
23672
24576
1316366856
243
7776
32
60000
32
1024
528200
8631
512092
1
243
1
2500
243
243
248832
162
81
4184717
1024
3167811
16
243
12631300
1
17618
1
584689
32
3888
3624960
1
30000
39366
7776
162
40000
243
32
4056471748
121543
16807
11867533
989000
25264
5666
7203
142938
81
293872
6854640
243
32
32
161051
1
100000
102487
512
3888
20563
81
8820633
1052530
11548575
538288
1200
1
2592
21736317735
544188466
2568009
32
162
32
32
3125
1
3888
15070315266
1
162
512
18681008
1
5184
768
460489
410595960
20296558
2629
4802
1024
1
32
2095093
1307120
15808634794
20016
7776
6214236069570
162
243
938
19683
944784
162
1875
3125
32
16
16
60000
24576
4490
81
5507
528
243
7776
8192
2354366
47872
100000
32768
153664
162
7375872
1
1875
81
1641562
96077
488724
19683
5184
512
418
35953218
33725
1
4687500
31339
15362160
117128
12769233903
32
5446478
445863691
19683
27588
3888
1
813440
1250
118956
1
111320
32
16
162
32
32
60000
1
15914
3125
39366
15098125
59584
1
14406
455625
341491
162
153768
32
73821
7776
24576
32
16
15417
32
165504
42102
19683
81
24576
522709
1875
1
32
929834
124856598
230496
16384
2399704
4062701224
9604
794411
243
2500
7776
989012000
60000
18763
81
24576
59049
512
5775
5184
2705195265
58533
24576
36506
512
1024
768
1024
512
162
162
5184
2500
694170
9604
5184
768
1
26747393
48374446
1
243
3125
2500
3125
336925216
1250
10415210
3652434048
18935959
212154
768
768
411922944
1
15620
243
4400
1875
162
256
9565938
628583607
2618427
243
648
183579396
32
2592
104247
512
3125
2076606
10249158
17309
32
45008
162
1024
512
32
14497488
1
7722558565
32
32
66927
1250
1491939
14653597
3720224
