1296
512
345615702
39315
985751
9604
625
7110
0
256
74240
37632
16
334084
3888
6406339
77558760
512
492308
162
0
55768
1086900948
32
0
0
1
12780
126965
0
0
380976
41472
212080
12970
3373612
0
3967499522
2900
60000
0
1024
162
1875
16
625
0
39950943
0
6806640
0
57504
32
16
262087
1435734
0
625
0
0
229
0
0
39366
0
316756
0
33616
0
16
243
390644
706160
640000
102709146
16
683516
26244
2932222500
15015711
32
4434
92352
82944
116817
120056505
800761
1
147207
436
32
19683
512
104531072
77072
114244
307328
0
32
475922
243
0
0
129683
71382
16
1215962
189184
0
4258
1296
16796160
695514
5346400
32
0
45322
36236394
0
4527
1
32
81
37206280
0
210007
5700568
0
0
1178048
0
81
8311689
0
32
1206482555
504
81
682692085
2612071
43554
32
153664
81
81
3687936
24576
2980
0
8275290
0
1
0
32
5184
0
32
0
256
0
7203
30144
377136
7203
81
0
7203
29282
9565938
81
2592
40103080
3888
0
1242700
1250
20016
31465
3129128
714950
0
12288
0
256
165888
30000
39201285
24576
24395
209
0
4802
11838552
0
0
768
871805
16
3125
512
32
31575375
705393854
183751974
32
6168
700964
0
1024
768
1
1563852
243
32
16
42837
13122
512
704264
720896
1227
7350
199927
236944
32
18928
1025391
1024
3300333
2592
332936
0
109572679438
2506615
526284
3888
32
1875
303750
81
0
0
224959
8389034251
0
521284
1
243
24576
3432
4802
0
1
1619165397
0
614599381
148297480
517285
0
0
16384
16
1328623168
690
1618006623
2500
0
32
16
3117
243
1
2193024
50000
1875
19683
80708313
54264408
256
32
629856
81
162
2592
16
512
45927
97422
5775
0
291600500
58388117
0
20480
0
2592
9604
256
0
111036
1
5875
0
2654208
3649437854
18425043
17186619
69536
0
0
0
162
433728
44605
0
4802
57122
0
0
0
3592
327680
1
13452
0
72904
512
3637
1
1172889
4054732
256
81
148677000
0
0
801
1387708270
243
32
1
1
542721
0
2592
8918643244
81
0
832
0
1371350
34153
32
3653768
32
30000
3938
40000
80260
0
512
12792
3955352560
7386277564
512
100000
625
0
198058
0
37340352
5184
3888
14728
49350
58564
61168
81
16
32
3888
36268316
0
0
256
0
0
0
15889887252
1156464
211986
1
748
1221519
24576
1024
59110518
0
0
81
32
23110708
0
1024
61227350
307435
58360
512
1
4802
11959
8778340
81
1600000
371993616
1197476
5184
256
3164044079
6211524
0
22471440
0
418
81
2592
0
0
16
0
29852064
0
773199
0
550267344
16
2018
2176402
0
512
0
0
34
0
0
512
16967706683
0
15627976
12933938
1
0
4216535
24576
16
81
45404
1296
81
16
0
3125
230496
49932288
19683
1056930
16
2592
3888
0
397879
17527
0
1112970519
1296
7983725
938
55867950
66927
32
42
506250
105173
9604
0
0
0
0
0
0
0
243
188649020
4687500
1332
0
625
1068460350
149354
2654208
9946664
1
11747700
4683935584
551
32
0
74168
503316480
32
0
81
6842880
640000
32
81
12288
0
53852
256
29689
2770563
1
1307840
0
1
1495502
185253788
2220790
0
7203
243
540
16
1814105
11938570
623588
354378
16
0
4552376
14680064
3694192
0
115280
81
107562
432083
81
12652335
0
100000
0
0
0
167885
81
1
9432
60000
314422
22977810
32
768
43923
32
236640
81
81
70011
162
1250
6572
2972
9604
36436
0
243
11106698904
21312
3482
1
1
20000
7203
5739728
84125
81
1250
5184
806744
2430740
0
8192
20924
420804766
418
32
32
0
102592
5979
986128978
162
32
1
0
91721845
0
0
16
1962496
206586
0
74811
32
0
498312
32
256
243
1
152230375
1969
2592
59049
0
2148
98192
0
36335445
142560
768
1405536
0
265080
5544
42262714
102487
1
512
0
0
16
42747
243
3888
0
18464
39647637
512
3888
32768
4245280
268087528
3125
16
81
744169
209129
30395719
0
372521777
1
1
73205
39076
6322
53022569
1
807243806
625
256
13846876
12005
1
0
49839175
359954
1
389
0
3182
0
2878
1494493
0
0
10732
3221904
7517
188000
75183
16
959411
0
768
0
5184
0
1024
0
555932
0
363835392
16
0
1024
303750
81
19683
0
256
20303
8192
837384468
0
7776
0
30000
32
1024
528200
8631
377230
0
243
1
1250
81
243
0
0
81
2575282
0
3167811
0
0
5465000
0
10629
1
584689
0
2592
3624960
0
30000
19683
7776
162
0
243
0
2491676060
48363
2401
11867533
494500
21708
5666
2401
41472
0
139584
6854640
243
0
32
0
1
50000
58564
512
0
0
81
4952849
324370
11548575
269144
1000
0
1296
21736317735
238876062
2568009
32
81
32
16
1875
1
1296
5520538821
1
162
512
7391745
1
2592
0
460489
208707523
20296558
934
4802
1024
1
0
202193
496508
12857783366
0
7776
3489789999462
81
0
469
19683
944784
0
1875
3125
32
0
0
30000
0
0
81
0
0
0
0
8192
2122801
13928
40000
16384
153664
0
3687936
1
625
81
1087909
0
0
0
5184
512
418
18562785
0
1
2343750
7502
7157376
0
3743580422
0
2912754
247765860
0
27588
0
0
267008
0
118956
0
111320
32
16
81
32
0
60000
1
7957
1875
0
7477981
59584
1
14406
151875
218843
0
70164
32
73821
7776
24576
16
16
15417
0
165504
15602
0
0
16384
300144
1875
0
0
929834
88500372
230496
8192
1306652
1500917771
7203
794411
0
1250
7776
740076496
20000
18763
0
16384
59049
0
5775
0
1045228985
58533
24576
0
0
0
512
1024
256
81
81
2592
625
568008
2401
2592
0
0
15637518
15501845
0
243
3125
1875
3125
167209036
1250
3410607
1217478016
11802591
162294
256
0
205961472
1
7810
243
2848
0
81
256
0
0
1072347
0
396
131128140
32
2592
39513
256
3125
1383873
0
9709
0
30000
81
1024
0
16
7610598
0
7722558565
0
0
57226
625
497313
14653597
1098584
3771964227975
